baseMean	log2FoldChange	lfcSE	stat	pvalue	padj
7128	434.690203820896	1.82889737691184	0.070234319582763	26.0399387048477	1.74906753067358e-149	3.18260327881364e-145
6648	10970.7461758533	2.95966760318657	0.234632644109672	12.6140487160992	1.76678116595439e-36	1.6074175047853e-32
718	3696.17397598387	2.15299724982086	0.196687862239783	10.9462639194082	6.92451287631761e-28	4.19994787658251e-24
64116	487.32757895918	1.91427485914689	0.19162233002987	9.98983186796913	1.68867923783019e-23	7.68180185288955e-20
5971	147.237736964633	1.39491845078225	0.154858685415117	9.00768624661259	2.1044944668306e-19	7.65867626368993e-16
6489	57.135832910478	1.4669584707901	0.168483016344358	8.70686258246841	3.1240146005187e-18	9.47409494517303e-15
344887	318.515293469628	0.809346511878384	0.0942968767443513	8.582962021877	9.24608893077588e-18	2.40345477406283e-14
80149	222.614815033289	1.11753198273589	0.138141865059049	8.089741529537	5.97914768747352e-16	1.35995714151585e-12
4047	2837.85241989934	0.616396124828249	0.0785632668424661	7.84585658924083	4.30008124887478e-15	8.69380871161394e-12
3656	66.439938501111	1.17635530604332	0.151927389722231	7.74287841181272	9.71909764507917e-15	1.76848700749860e-11
64332	665.572927912496	0.862284798420092	0.111951569265822	7.70230202287431	1.33636567906035e-14	2.15721813988687e-11
3397	2335.35665315629	-0.722707134229038	0.0939275402723858	-7.69430490922278	1.4226543019698e-14	2.15721813988687e-11
3575	209.245937925942	-0.952221774611985	0.127481747120688	-7.46947540427502	8.05151560304455e-14	1.1269644454846e-10
677	2420.043602141	0.421813275652233	0.0573589134076229	7.35392723803193	1.92466530639919e-13	2.50151499394569e-10
222658	2339.98947749279	-0.301630756756278	0.0411305245699663	-7.33350133288915	2.24216250998078e-13	2.71989260210736e-10
105369151	17.782837672915	1.94757423001561	0.265912970560382	7.32410391983256	2.40500269881724e-13	2.7350893192299e-10
290	12704.5242936419	0.480058504489493	0.0666016882976858	7.20790293398873	5.68201080762217e-13	6.08175697973488e-10
124935	549.68808793052	1.21340706411127	0.172654298764142	7.02795744326572	2.09578792750867e-12	2.11860872938599e-09
8877	455.650783749038	-0.714919418528212	0.10225137054358	-6.99178323701307	2.71414008996085e-12	2.59928910931198e-09
4891	752.717212586729	0.321478303417899	0.0463649217764903	6.93365352728594	4.10108375185021e-12	3.73116599743332e-09
8740	20.7470306404311	2.90848666649281	0.441419112592684	6.58894593260757	4.42960045859117e-11	3.83814333069167e-08
629	503.99398334099	2.10868390995614	0.3236145089	6.51603637032154	7.21894785396964e-11	5.97072614321962e-08
716	6516.35418912549	0.621052966801924	0.0976697034013512	6.35870638666578	2.03459883430921e-10	1.60963306039523e-07
4792	1059.50824070596	0.750280996554026	0.119420747764618	6.28266872045427	3.32809763154964e-10	2.52325268765322e-07
9589	1480.12538978379	0.600509621037474	0.0971316653769784	6.18242896080111	6.31227196290249e-10	4.41761925526822e-07
9241	86.6907427331312	-1.10782097941243	0.179175054428775	-6.18289740692003	6.29356185881304e-10	4.41761925526822e-07
7130	157.549787373334	2.08057108404355	0.337410939633005	6.16628223823017	6.99142491827099e-10	4.71170251158737e-07
6747	4368.98561637147	-0.197764431272224	0.032635131719215	-6.05986312461499	1.36237430894931e-09	8.85348675915774e-07
1240	702.711495139664	-0.442588981005333	0.0741348659374903	-5.97005168092594	2.37178445677459e-09	1.48817206811967e-06
4163	904.426988766189	0.481224782212023	0.082371349702037	5.84213787867705	5.15351238022695e-09	3.12577704235365e-06
4233	2575.6181690807	-0.391852144545911	0.0678898182416812	-5.77188383611451	7.83901522088944e-09	4.60124906320336e-06
64135	93.1086138128392	0.703477050375614	0.122088407971732	5.76202984429526	8.31082978086672e-09	4.72574558414534e-06
3399	4526.06082221171	-0.863268369687237	0.153786983569245	-5.61340335606842	1.98385423267145e-08	1.06171210640264e-05
2495	67662.1523173692	0.535868110490446	0.0954394555906645	5.61474399842304	1.96853469603504e-08	1.06171210640264e-05
3312	21591.818668781	-0.418900500772999	0.0748183985952785	-5.5988969108921	2.15720022749314e-08	1.10492357465286e-05
5027	47.6486394494334	1.08508098880336	0.193882399072062	5.59659357423186	2.18604356383287e-08	1.10492357465286e-05
80003	410.647471462222	0.448030795083434	0.0804341102304219	5.570159150141	2.54506749638986e-08	1.25162292335973e-05
54893	961.678674356613	-0.245110658207375	0.0440729952583691	-5.5614703918003	2.67511069627174e-08	1.28095563761475e-05
10758	704.751919192379	0.336898626795614	0.0609640826320999	5.52618217563769	3.27274303461749e-08	1.52694441686923e-05
7855	419.091837558129	-0.450795563961102	0.0818866287633161	-5.50511812208163	3.68920825012607e-08	1.67822083298235e-05
9088	134.337393425106	-0.679813773067047	0.126411814374927	-5.377770870773	7.54137044451529e-08	3.34689699044879e-05
9052	336.093120112368	-1.39614751207991	0.260091853263321	-5.36790174149142	7.96579281981895e-08	3.45108490831966e-05
3569	192.948882143835	1.424310484807	0.26883574023989	5.29806968201494	1.17033306863193e-07	4.95241407368061e-05
55299	481.727436015255	-0.316484810757262	0.0606630473238636	-5.21709384409318	1.81752188351692e-07	7.34925070943863e-05
7187	564.719611116803	0.382977607044552	0.0733510533814446	5.22116028863238	1.77805555957967e-07	7.34925070943863e-05
101929319	9.88133929364996	1.7137627105738	0.329140198462018	5.20678640464382	1.92139042760707e-07	7.60035222189963e-05
994	1940.95917718266	0.716476719534805	0.139410655145645	5.13932538934191	2.75726573848095e-07	0.000106747249739148
23586	191.481316077493	0.446605540291703	0.0876668465479888	5.09434932220621	3.49941018600053e-07	0.00013265680780097
6281	6060.0191818024	0.304208859715143	0.0598319556537699	5.08438770538459	3.68813891976184e-07	0.000136957909763238
8506	1172.38231373425	0.565625251400258	0.111577259475634	5.06935959942426	3.99156455470695e-07	0.000145261017274895
23310	1011.40716997817	-0.246915334620099	0.0495339672766344	-4.98476799245941	6.20362065020679e-07	0.000221335453629731
3638	1154.26414778577	0.56898707181376	0.114737960062049	4.95901331613408	7.08521111537673e-07	0.000247927887414221
221336	368.605652312277	0.348970467326307	0.0709403142265161	4.91921231434113	8.68931773063494e-07	0.000298322312125723
9975	538.028765325784	0.301422477767878	0.0613980790008688	4.90931447160771	9.13953184239854e-07	0.000307928216760184
643866	342.354586236784	0.493906440411539	0.100689736836384	4.90523121749851	9.33173466724595e-07	0.000307928216760184
4363	6459.5121938813	0.334233380412734	0.068180244788012	4.90220270478556	9.47679717441761e-07	0.000307928216760184
4791	817.853409722336	0.458803248154686	0.0937722806331146	4.89273850499339	9.94424940108493e-07	0.00031744835456516
10808	1393.36954732751	-0.275941329139775	0.0564754890457701	-4.88603700122262	1.02885870816872e-06	0.000322777811273069
715	7381.92130549606	0.652088332366995	0.134034441300799	4.86508039305796	1.14410293290588e-06	0.000352849101138228
220001	55.0968980211859	0.721932662176828	0.149279038186662	4.83612884264506	1.32392125542191e-06	0.000401501186060951
84549	523.78798356817	-0.245420360289695	0.0508951811022968	-4.82207460459591	1.42072785369302e-06	0.000423796131570461
372	5618.63249887082	-0.151562136798804	0.0314867834503461	-4.81351602769504	1.48297701523349e-06	0.000435229834986913
7334	990.819706449206	-0.305764274745399	0.0635967966407816	-4.80785654146182	1.52557174828927e-06	0.000440623865585262
3320	20494.5624268493	-0.322765738179551	0.0672108412633055	-4.80228683517117	1.5686377177393e-06	0.000445983311124754
1827	723.606151161993	-0.620617626080149	0.129615473883035	-4.7881445593463	1.68330380202606e-06	0.000471221476641018
4093	348.436519604967	-0.725352478578693	0.153278276671814	-4.73225883229203	2.22035032854019e-06	0.000608803139776925
2353	85.7890416442746	-0.665137219598528	0.140611541818216	-4.73031737649548	2.24169105105814e-06	0.000608803139776925
92270	118.09202983042	0.488507466309528	0.103400353294562	4.72442743902326	2.30764590679347e-06	0.000617498895882558
4739	770.278501920924	-0.747146244846544	0.159497270474714	-4.68438263941948	2.80805004139797e-06	0.000736228750409555
2643	67.5353868550023	0.690558958466952	0.147472679432519	4.68262298565574	2.8322715172933e-06	0.000736228750409555
7439	49935.4815168917	0.521055392163299	0.112581077742534	4.62826793464282	3.68736755201021e-06	0.000945004788399687
10826	592.476237183533	0.261437979495529	0.0565894350541271	4.61990792531268	3.83910375551937e-06	0.000970226832436534
7127	610.835777652913	1.48425845655799	0.322143772842585	4.6074410920967	4.07654640305641e-06	0.00101612107328787
8732	481.452689922054	-0.254861200285737	0.0554816384054526	-4.59361344780853	4.3563601144492e-06	0.00107119363030429
3308	3495.37794105397	-0.165603824150932	0.0361581996332825	-4.57997980625394	4.65020826193751e-06	0.00112820252712287
79642	1025.28701705719	-0.33036013628702	0.0722182864492275	-4.574466558678	4.77434855083618e-06	0.00114307955567125
1601	8649.64842635896	0.207503752748251	0.0459646799002675	4.5144174439697	6.34910482680857e-06	0.00150036768089102
3157	1425.52007301081	0.523101091151287	0.116194872700047	4.5019292073382	6.73394131344128e-06	0.00157090764281253
10484	5370.95628730949	-0.148079524926096	0.0329412448927801	-4.49526195528061	6.94843526145183e-06	0.00160042693692883
3099	1342.03070892025	-0.285474982401397	0.0636398567019749	-4.4857892081416	7.26445346323449e-06	0.0016319011755187
571	853.809550739805	0.324466132664546	0.0723031585444343	4.48757895500711	7.2037118554881e-06	0.0016319011755187
9989	1342.73437252318	-0.156571353078385	0.0349542351503981	-4.47932424796889	7.4879714519965e-06	0.00166159912854303
107075116	5.22720933107296	2.58030047608308	0.57718837930963	4.47046504846366	7.80496986710912e-06	0.00171107508074599
23314	240.487483497004	0.336305333855277	0.0762253076956063	4.41199050580758	1.02424605903414e-05	0.00221871205835538
6672	1752.97583192711	0.196383654066942	0.0446270499689963	4.40055200160834	1.07975846617164e-05	0.00231144530005401
694	1165.86533887098	0.302747328473908	0.0688672523645044	4.39610000514482	1.1021317169964e-05	0.00233190566540309
80176	323.61969209478	0.441968852999956	0.100716210284798	4.38825936510306	1.1426146403774e-05	0.00238977195359853
2134	23.9346360729537	-1.01297432429144	0.231793241088753	-4.3701633383847	1.24153632587406e-05	0.00256715852109142
114789	333.787498832826	-0.247715570315767	0.0570652886578896	-4.34091504909121	1.41890576916609e-05	0.00290094487367934
109623452	23.2445445487047	1.07470016089469	0.247865321833967	4.3358229902551	1.45215769635307e-05	0.00293594016031561
79647	1280.32085134827	-0.224966367893115	0.0519658947394291	-4.32911564442711	1.49709308040833e-05	0.00298425027941258
717	24.841184007959	0.924384663869657	0.213612423060284	4.32739187462325	1.5088537354691e-05	0.00298425027941258
219654	2875.58192020871	0.350794247339523	0.0813466214344209	4.31233948200691	1.6153615176561e-05	0.00316055034142693
80709	367.543524682537	0.416345039294827	0.0968226387224479	4.30007945237191	1.70736885623244e-05	0.00330503018170271
11213	655.440053615164	0.406552708611105	0.0946035003170237	4.29743833207773	1.72783308383524e-05	0.00330943692562801
51088	1331.00585067638	0.331603674771346	0.0773014381338559	4.28974780775926	1.78876123471186e-05	0.0033904478569601
55239	1008.9650865137	-0.167441413433423	0.0390549563892847	-4.28732813741825	1.80835067562195e-05	0.00339224215398114
9710	934.738505048286	-0.482150511252723	0.112873769592012	-4.27159040577345	1.94083814483421e-05	0.00360362151871462
1017	439.2592695095	-0.427359397419871	0.100285038096256	-4.26144722615234	2.03107319873225e-05	0.00373307150748809
144811	532.272545844382	0.456299141906302	0.107353139234265	4.25044991847486	2.13341535857841e-05	0.00388196258646927
389792	440.451214149646	-0.313465214830784	0.073968428851931	-4.23782442991015	2.25696148746179e-05	0.00406610606196581
541472	25.1912489476975	1.35218936807813	0.321069751639953	4.21151279798689	2.53666179779614e-05	0.00452520569340181
1435	4890.85189223597	0.331527499570576	0.0795346753271067	4.16833913267496	3.06827191387299e-05	0.00542041512085756
2107	3126.14925034563	-0.173488826095742	0.0418216323187055	-4.14830355672526	3.34948083198509e-05	0.00586030319411545
7157	791.321739025189	0.318744839347096	0.076912367038445	4.14425991060411	3.40912914258802e-05	0.00590785846462206
57060	610.740214723368	-0.25771672222197	0.0626337464676892	-4.11466241054123	3.87746472797994e-05	0.00665607058399274
25940	2395.12261402245	-0.1899077563354	0.0463991991598094	-4.0929102177241	4.25992695899575e-05	0.00724426457438194
7881	1779.22523099297	-0.193182897747519	0.0473671664234131	-4.07841364249374	4.53440389706034e-05	0.00758411163150435
55601	222.019057382252	0.410655742777838	0.100753593457397	4.07584214801709	4.58481138418047e-05	0.00758411163150435
4601	507.371555505328	0.295830469032101	0.0725803896517583	4.07590081083196	4.58365555183969e-05	0.00758411163150435
10350	193.329091786448	1.09894796905339	0.269811269440091	4.0730247158835	4.64064975352736e-05	0.00760732098334989
4082	4484.70278844302	-0.256721212256469	0.0631573100805983	-4.06479015538904	4.80756967655093e-05	0.00781058373522506
84314	98.038183002534	-0.388220840048558	0.0962189300293351	-4.03476571533479	5.46568063158121e-05	0.00880119688250015
164781	64.7281719389626	-0.610076375082224	0.151541852194301	-4.02579463196746	5.67832317023758e-05	0.00906340073733711
6536	803.334484925639	0.309360899304423	0.0771569194889101	4.00950298889121	6.0846682931664e-05	0.00956220360512374
399665	891.219722858403	0.294834447956814	0.0735419243858009	4.00906626280423	6.09593107383136e-05	0.00956220360512374
4323	13114.3475286678	0.310541831806234	0.0776055998909659	4.00153896423116	6.29318292293638e-05	0.00978724414237182
25850	68.0577679254526	0.492534246089512	0.123285725045029	3.99506306110961	6.46770353953194e-05	0.00997341810214603
8882	720.885083553221	-0.215017908241938	0.05409840932804	-3.97456987946023	7.05065593616773e-05	0.0107809861692864
5912	477.736379106216	0.252247259472843	0.0637631285893003	3.95600506207236	7.62135465069326e-05	0.0115565141020012
503569	63.4075046206367	0.631647195023518	0.16038784366329	3.93824856420893	8.20785433289458e-05	0.0122418129050287
9235	24.623154040402	1.86598763766376	0.473764512826296	3.93863952901833	8.19449352381677e-05	0.0122418129050287
162993	187.655590286696	0.339852859099737	0.0864881099368224	3.92947492259909	8.51315539729934e-05	0.0125939329763625
4790	854.372820724787	0.237166324349507	0.060545530257562	3.91715661487472	8.9599541986258e-05	0.0130428261278556
55106	353.045485036821	-0.24626525667221	0.06285398875975	-3.91805295943147	8.92670965778176e-05	0.0130428261278556
1906	62.4647308383335	-0.73198868730187	0.188082498572256	-3.89184901763021	9.94831492507347e-05	0.0143666300298918
340419	26.7736906084079	-0.776859918929015	0.20081255046983	-3.86858250199721	0.00010946989707669	0.0156843641512398
8878	13653.1758776369	0.475831064723439	0.12310557149399	3.86522769805483	0.000110985610560452	0.0157772982012342
140733	21.7056402913459	0.843088053107125	0.21884813425665	3.85238857973726	0.000116971206055368	0.0164992873285541
9716	1206.72292866949	-0.180237603282872	0.0469400599358788	-3.83973952161717	0.000123164916208739	0.017239298579494
1503	1017.60004807025	-0.414699701333021	0.108379338639153	-3.8263723191166	0.00013004555263618	0.0180634265325797
375513	87.4382492696453	0.377870536995247	0.0989223351004317	3.8198707765199	0.000133521608207616	0.0184057513859529
51279	1510.29339511615	0.488603685789769	0.128111888663344	3.81388246545749	0.000136800547693788	0.0185762892972849
85464	703.997118873919	0.484871222765893	0.127099793283078	3.81488600603766	0.00013624581267728	0.0185762892972849
101926978	56.8492812317741	-0.663093127686981	0.174328428557068	-3.80370048175999	0.000142550524842783	0.0192136988891799
4664	726.879743613242	0.203025991836143	0.0535083435846646	3.79428661466414	0.00014806855731504	0.0198107019772387
246243	1131.98156755795	-0.124698380981766	0.0329895081575772	-3.77994059160062	0.000156865782752948	0.020534746640091
29028	671.908801413516	-0.391998490451957	0.103699961868412	-3.78012183793639	0.000156751633933669	0.020534746640091
4599	61.0864776011167	0.624213035598073	0.165078544342101	3.78130930391828	0.000156005700412942	0.020534746640091
51526	692.211267805069	0.184909784773139	0.0490103280983434	3.77287384002208	0.000161377900900134	0.0209745163198489
25890	12139.7532152166	0.473168907076196	0.126140621532094	3.75112236906021	0.000176044748897794	0.0224991101478518
116843	112.705908802817	0.401132592470679	0.106902718362648	3.75231424059686	0.000175209650423291	0.0224991101478518
107984316	138.160409015122	0.48187391169693	0.128498884332764	3.75002408930692	0.000176817583597648	0.0224991101478518
56997	266.190619406662	0.514814106765755	0.137643132973257	3.74020916005872	0.000183867188427116	0.0232336622265265
84617	4431.45955095253	-0.484873149511016	0.129710340878769	-3.73812254463345	0.000185399579005019	0.0232657292384505
7038	27.4406785238725	0.738402163326701	0.198218210385523	3.72519841587991	0.000195161653421969	0.0243230236004531
54491	42.8171038092914	-1.23395071671254	0.331660987652747	-3.72051812739729	0.000198814470082238	0.0244908135354346
54898	17.0982193122388	1.59077015130883	0.427623042753609	3.72002907295482	0.000199199846298325	0.0244908135354346
9635	17.2151076879947	0.789576425827656	0.21313658063901	3.70455612762675	0.000211761216914588	0.0257614908488114
1982	19528.5238992177	-0.0984013374147996	0.0265674384452718	-3.70383232909351	0.000212366653512954	0.0257614908488114
10383	4380.71468267792	-0.472437554348388	0.127945245537329	-3.69249793037876	0.000222062148588643	0.0267592242100593
55164	423.633929911336	-0.223277975073278	0.0607676008304023	-3.67429307759623	0.000238508841801015	0.028386215986956
1965	1832.19797506552	-0.189576885660752	0.0515981021046159	-3.674105789325	0.000238683834139606	0.028386215986956
151050	332.528617260634	0.289597494865788	0.0791709210785172	3.65787704526744	0.000254312986141023	0.0298547038440132
140459	704.656834078636	-0.245847828756796	0.0671954378781027	-3.65869821702452	0.000253499635450288	0.0298547038440132
1595	2043.26197802815	0.256450220100846	0.0702100407530347	3.6526146025597	0.000259583682470825	0.0302781069630713
253725	1809.98822240332	0.141376059127776	0.0387805633562219	3.64553907660277	0.00026683186322357	0.0309253030778094
51149	506.728860123997	0.497998550937803	0.136992423460474	3.63522695896746	0.000277736015164491	0.0318453092315771
79822	130.235550590205	0.776569249881796	0.213652432835876	3.63473160391459	0.000278270178490919	0.0318453092315771
10346	2020.1534574686	0.32804403510671	0.0903650148059803	3.63021060541009	0.000283190057932089	0.0322057893383268
10969	1314.40670156224	-0.32293842203526	0.0890407433391225	-3.6268612539016	0.000286887346990793	0.0324236159369222
83547	55.6704234076676	0.493603210844426	0.136258997527575	3.62253663832022	0.000291728124808185	0.0327671911049984
4097	1399.68015978493	0.184968408632307	0.0511099160645584	3.61903174324661	0.0002957073679289	0.0330103758701488
11119	410.001824227919	0.43993265668697	0.12177120324096	3.61278073122458	0.000302930856382018	0.0336105479434586
6304	298.700616975288	0.36760972921584	0.101811427739397	3.61069221184872	0.000305380888975199	0.0336770342775316
5775	375.314215916613	0.253339124650685	0.0702614766405291	3.60566183296738	0.000311358381630924	0.0341293801937126
3156	1376.81234686741	0.310584267487424	0.086460665586092	3.59220305999338	0.000327894184735265	0.0357267220685203
330	40.7358184230095	1.38706232903019	0.386729421230195	3.58664806162902	0.00033495591009186	0.036278915119235
169981	525.976753206573	0.258970644860867	0.0722998198752978	3.58189889418172	0.00034110581245665	0.0367263986003622
100130027	69.4026892770908	0.379901379417185	0.106251803364072	3.57548170844171	0.000349583618645783	0.0374177854404628
11185	178.467985097839	-1.49376436212808	0.420331058492856	-3.55378060209051	0.00037973585903372	0.0401725214591719
6713	1903.87973943635	0.254316332087842	0.0715422584112724	3.55477081287905	0.00037830869531904	0.0401725214591719
374393	156.281196648111	-0.561293959526601	0.158024434490309	-3.5519441112825	0.000382396073319197	0.0402201095382434
64388	441.605209010802	-0.720758056101341	0.203134449974369	-3.54818228120481	0.000387899670883502	0.0405644966172195
64784	669.313661824406	0.202485992311087	0.0572696401556074	3.53566028633867	0.000406757399773601	0.0422934722644597
286827	274.116667673528	-0.330433129994399	0.093606417339989	-3.53002645955596	0.00041551810918729	0.0429589063339314
55672	794.425042155231	0.233071864987511	0.0660866472340182	3.52676183075508	0.000420674992845751	0.0432463399424931
8520	739.214822210034	-0.275547634603341	0.0781979691809514	-3.52371855035927	0.00042553599755456	0.0432572793938703
102724316	1505.74869685813	0.285841286277679	0.081090902855248	3.52494886865328	0.000423564539279217	0.0432572793938703
10772	1906.43065120995	-0.130005326284481	0.036950881335043	-3.51832815855431	0.000434274973964007	0.043753407692476
51061	658.706338276431	-0.185126014725123	0.0526262888833456	-3.51774785289313	0.000435225697534522	0.043753407692476
51474	6812.31483111348	-0.352075331760142	0.100182567363667	-3.51433728467044	0.000440852665077	0.0440755774381379
8604	531.258971760914	0.23824085071814	0.06792083843192	3.50762529171278	0.000452125392489818	0.0445478575242639
387680	1853.64723981973	0.17444349271492	0.0497496088849656	3.50642942979271	0.000454161849101419	0.0445478575242639
4665	968.633229645739	-0.257389732948178	0.0734198782544579	-3.50572268801808	0.00045536939434563	0.0445478575242639
6875	119.335274539694	0.424121798069702	0.120913392731744	3.50764947114377	0.000452084304895289	0.0445478575242639
27338	638.074958965988	-0.467796220347802	0.133746330971023	-3.49763778154895	0.000469398179334728	0.0456747019848915
114327	578.658952711737	0.22998580267507	0.0657906959256198	3.49571925694603	0.000472785847301616	0.0457596344547884
105378085	6.36552557982277	1.84088081280968	0.527555809497387	3.48945226205267	0.000484011499837591	0.0465982711695492
80830	1132.99317458534	0.424545622161746	0.122220866934702	3.47359360810758	0.000513538196546744	0.0491807422334977
255738	313.163889387078	0.625356302751656	0.180221116078796	3.46993913009749	0.000520576326364096	0.0493354522631307
26128	765.800853996376	-0.25505566383231	0.0734752748363752	-3.47131282462437	0.000517920259774876	0.0493354522631307
6892	1739.48349194039	0.282636184721679	0.0815428491180672	3.46610632052414	0.000528054420529247	0.0497848613261668
55379	3664.89245970449	-0.247730124514434	0.071571597812428	-3.46129096018892	0.000537591442688696	0.0504227520163068
54739	561.769179676278	0.333194115841385	0.0963311949192711	3.45883922773524	0.000542508628344991	0.0506230102634126
81844	2839.77168335728	0.232822881560351	0.0674564419561261	3.45145511397977	0.000557572491283163	0.0515004520375048
2004	1496.6024374867	0.18580009514636	0.0538143041441928	3.4526153984732	0.000555179950090572	0.0515004520375048
23516	4126.00700867688	0.547734075970171	0.158997631042191	3.44491972855135	0.00057122900201765	0.0524953682864301
3066	1714.70751926069	-0.186763614963941	0.0543059015568008	-3.43910347881063	0.000583644095587131	0.0532933667714524
54962	166.207337609584	-0.304166274406457	0.0884688026035317	-3.43811903693963	0.000585770133781627	0.0532933667714524
222255	170.096158664357	0.28492153295021	0.0829053405856426	3.43670903391177	0.00058882779112479	0.0533050273000333
6868	1076.53419575677	0.386866455430142	0.112687296863762	3.43309730730217	0.000596727894486031	0.0536990837536698
7097	10.8376826499918	1.39694083551502	0.407030576351567	3.43202922993291	0.000599082985381126	0.0536990837536698
25843	380.959063020548	-0.242833254691263	0.0709096112757081	-3.42454640947174	0.000615826652663354	0.0545084740950571
85463	375.420029147777	0.355971615226879	0.103930523163408	3.42509211338416	0.000614591009224554	0.0545084740950571
90293	21.3192708984009	-0.791846781802713	0.231264658294694	-3.42398526277925	0.00061709967375147	0.0545084740950571
1397	667.315044175425	-0.35783103179879	0.104595084876408	-3.42110752356682	0.000623666697389386	0.0546758426969176
51155	916.744669978099	-0.298041554574787	0.0871332801930551	-3.42052490063999	0.000625004137225701	0.0546758426969176
3459	863.899905678697	0.380111784133686	0.111408632901961	3.41187010586678	0.00064518849657337	0.055116666120418
6422	356.100361630147	-0.539784210656231	0.158169133218964	-3.41270259039082	0.00064322097527601	0.055116666120418
105371094	10.6405157956188	1.24157586976383	0.363870352060706	3.4121380396408	0.000644554643044939	0.055116666120418
9688	614.258873997396	-0.265138173959063	0.0776571017305338	-3.4142167045981	0.000639656766284134	0.055116666120418
9500	7408.38494977776	-0.247572226280352	0.0725158863330411	-3.41404123702406	0.000640068871991561	0.055116666120418
10607	392.400047409316	-0.179062374348513	0.0525574701561137	-3.4069823721849	0.000656853691298085	0.0558509802189718
388962	233.779340943525	-0.355869964759617	0.104780382013105	-3.39634154717157	0.000682930849712431	0.0576268478768159
83877	1327.91971591753	-0.18665280739037	0.0549671815027292	-3.39571362925172	0.000684499344754175	0.0576268478768159
84952	65.1093729484364	1.13300126130765	0.334011096981583	3.39210664419967	0.000693574394648422	0.0576268478768159
163087	194.348364978429	0.239830880318254	0.0707003199884424	3.39221774890778	0.000693293197836956	0.0576268478768159
5672	404.424175013196	-0.834977097837298	0.246146920324549	-3.39218990323489	0.000693363662976317	0.0576268478768159
22925	1048.2377455041	0.375607629051646	0.110786658908788	3.39036877500645	0.000697986616604157	0.057729838526042
29889	1233.63580490734	-0.185336727230809	0.0546993347697054	-3.38828119228711	0.000703321199565081	0.0579078395804806
22836	8374.26624989189	-0.308784973209257	0.0911689282930285	-3.38695407515138	0.00070673217090623	0.0579265701883323
7532	4995.46377677421	-0.106892991220536	0.0315743744510544	-3.38543496360436	0.000710655474006503	0.0579869372422526
79624	500.435084158359	-0.248801471385701	0.0736578823842167	-3.37779832018377	0.000730686490374438	0.0593552293698807
53344	275.506317384657	0.278354596418712	0.0826690746527663	3.36709461897186	0.000759646197066642	0.0614334320081094
11235	599.325899902522	-0.222195630309486	0.0660755674231568	-3.36275024150024	0.000771701480669965	0.0621322130188968
55117	95.8909328098731	0.73765248768364	0.219470972357787	3.36104806826618	0.000776473110900407	0.0622409899821313
8764	230.424158745096	0.470156885423498	0.140396428444685	3.34878095284835	0.000811679398084136	0.06477771196289
84166	424.084332258539	0.437104787664261	0.130631642446629	3.34608659492929	0.000819607950748095	0.0651248308812766
900	3562.57890788212	0.246762600075786	0.0738774175127755	3.34016277752419	0.000837292981207935	0.0659540393335913
22873	1115.61701164772	0.168055476505554	0.0502988353185786	3.34114051431088	0.000834349853559416	0.0659540393335913
26119	935.404699317468	-0.180332702263038	0.0542632582179096	-3.32329292758022	0.000889614432850003	0.0697733802592183
80017	411.738709066463	0.336036680202399	0.101168482868827	3.32155500086029	0.000895173373464636	0.0699080459380366
2632	3519.57792937258	0.25081541727183	0.0756426238380459	3.31579478005465	0.000913829079709238	0.0707575912101672
9134	76.9314652293404	-0.425879155575873	0.128420853809498	-3.31627724736692	0.000912252788906235	0.0707575912101672
201163	666.665562003838	0.388654238175423	0.117309495155465	3.31306717892152	0.000922788120619071	0.0708483233872768
554235	7.93600237630856	1.07118323142784	0.323314252419489	3.31313334754578	0.000922569824246267	0.0708483233872768
176	1570.38715905298	-2.10761959078105	0.637363508161829	-3.30677794349958	0.00094375672233056	0.0718518716298195
146198	910.716997865409	0.185454592387909	0.0560681947273027	3.30766120239647	0.000940785490342399	0.0718518716298195
84955	419.67534398074	-0.300919843031385	0.0911161649540328	-3.3025955732794	0.000957944374144796	0.0722077976950048
3309	15437.8038724902	-0.280686850151899	0.085007780614789	-3.30189599260126	0.000960336724675267	0.0722077976950048
107984200	13.5200919697259	0.915486611156167	0.277101906539693	3.30379037296529	0.000953871287296067	0.0722077976950048
8605	80.3467649345095	0.732614098798483	0.222088790853806	3.29874414634794	0.000971183850389021	0.0727228861797474
29068	966.886505396165	0.314051728776347	0.095305016407354	3.29522768700886	0.000983419643991724	0.0733373108281697
54361	13.9803993089447	-1.23951613527834	0.376534081028771	-3.29190954479265	0.000995096121900276	0.0736047521711277
7170	6987.7288704744	-0.214193986086516	0.0650554141139092	-3.29248516828241	0.000993061355849865	0.0736047521711277
28989	521.563142314403	-0.368522757250414	0.112122522029641	-3.28678619227803	0.00101337742737357	0.0738094302135178
10580	146.508800549308	-0.816135167977019	0.248322886672792	-3.28658859806352	0.00101408867626838	0.0738094302135178
120	4228.299690688	0.320400278842061	0.0974644567719824	3.28735509798855	0.00101133220448389	0.0738094302135178
6721	2783.91945160316	0.22966195427005	0.0698671185717789	3.28712503055502	0.00101215883910347	0.0738094302135178
6890	589.042418989561	0.201421219441342	0.0613995077289225	3.28050218791024	0.00103622461097085	0.0751200917180303
7283	933.855608689946	-0.329588403849668	0.100522318104303	-3.27875848931066	0.00104264825827653	0.0752858242365069
5980	6408.82231740851	0.429056078666766	0.13091027140937	3.27748215665265	0.00104737350141074	0.0753280957773512
6741	4286.92904146243	-0.370041367889056	0.113328632008391	-3.26520634133887	0.00109384361262444	0.0774458302541412
285590	4368.67736804801	0.467177328395344	0.142962908860582	3.26782192751084	0.00108378531812361	0.0774458302541412
48	2823.42462902161	0.288201614470555	0.0882612945083753	3.26532276776438	0.00109339406259	0.0774458302541412
71	60829.2525406437	-0.34250003468307	0.104842624259935	-3.2668014283381	0.00108769944951674	0.0774458302541412
51729	1278.15422295639	-0.159299068956679	0.048821457735158	-3.2628904655168	0.00110282135131687	0.0777788267773708
64651	122.623462324701	-0.43101222652397	0.132311079706624	-3.25756714766188	0.00112371669044701	0.0786851970443432
901	768.145116289903	0.235447323430205	0.072280431458847	3.25741447136017	0.00112432134708338	0.0786851970443432
8394	1723.02761790832	-0.224047880114143	0.0688739532832417	-3.25301321375809	0.00114188187076536	0.0790025951347773
57520	310.311021036645	0.482141494212081	0.14817084284135	3.25395661498882	0.00113809659540678	0.0790025951347773
5395	615.829246111014	0.175632720693604	0.0539564798317071	3.25508115506072	0.00113359967875992	0.0790025951347773
10318	1644.34281122911	0.274073277284462	0.0843398636185177	3.24962912584419	0.00115555603512723	0.0793452740195288
153222	521.872214551077	0.334220238525021	0.102818077449867	3.25059801558712	0.00115162563697729	0.0793452740195288
53340	107.845089473437	-0.315818415908796	0.0972756097860539	-3.24663516994034	0.00116777979790458	0.0798831624160593
100529241	861.356968388899	-0.270828332191555	0.0836016994691355	-3.23950749699222	0.00119736318753011	0.0801000755893303
96459	614.237885511415	0.296273314692187	0.0914497997101085	3.2397371632454	0.00119639926135652	0.0801000755893303
134728	127.376083300755	0.323381382067568	0.0997609887201902	3.2415615183465	0.00118876773612687	0.0801000755893303
79053	479.661289183842	-0.219932673252031	0.0677933363207951	-3.24416358875332	0.00117796072308806	0.0801000755893303
55110	249.912797464538	-0.283267608395447	0.0873606411045828	-3.24250835174546	0.0011848247556828	0.0801000755893303
55723	134.14723328002	-0.697253197484563	0.215077097066978	-3.24187562038476	0.00118745835193952	0.0801000755893303
7873	1140.04986300076	-0.338961108964628	0.104687112424253	-3.23784944598493	0.00120434346531345	0.0802719182961302
2081	433.64638664365	0.260226540472519	0.0803993141555141	3.23667612349491	0.00120930576242487	0.0803084950842442
6627	491.157625063492	-0.264278032586573	0.0816946400621861	-3.23494947019051	0.00121664260001304	0.0805019227266811
6502	1098.5610782555	-0.273473191115533	0.0846992336912663	-3.22875637945391	0.00124329759679613	0.0816716356364707
23560	1581.30599807782	-0.200862385588284	0.0622050105471126	-3.22903868710311	0.00124207091049548	0.0816716356364707
51645	333.527246231073	-0.306396983670762	0.0949705432260055	-3.22623176895615	0.00125431740302657	0.0818048726360984
8566	2062.05391249092	0.183404497043067	0.0568452444635539	3.22638241375946	0.00125365732372531	0.0818048726360984
4313	25528.9119384675	0.444534575903819	0.137834726363961	3.22512756857803	0.00125916547538799	0.0818277678219995
1803	445.362529947119	0.866645340008094	0.269179386858908	3.219582859301	0.00128377253982241	0.0825424916417265
1729	1592.68501418079	-0.235917531580972	0.0732333982339809	-3.22144728047734	0.00127544925264935	0.0825424916417265
5604	883.344610199755	-0.2280803337018	0.0708194531387207	-3.22058874494608	0.00127927578301656	0.0825424916417265
84148	323.980011818381	0.183761312612809	0.057171414948662	3.21421662867398	0.00130800950348723	0.0838047215684986
57050	891.415655616422	-0.228302360977286	0.0710623257755449	-3.21270600822149	0.00131490810321253	0.0839511152493164
81848	462.081412845806	-0.50834775687484	0.15838907873021	-3.20948742773312	0.00132971861670202	0.0842599103317863
58527	199.713435660221	-0.297151414799865	0.0926052948376458	-3.20879508370257	0.00133292453323606	0.0842599103317863
112637020	63.119081120494	0.355556718515615	0.11081223009999	3.2086414847421	0.00133363674299596	0.0842599103317863
84320	683.87778997002	0.152372319972438	0.0476214319403778	3.19965851012645	0.00137590504974904	0.0860342552757163
51399	648.043630746719	-0.267241896957184	0.0835124131677064	-3.20002604188337	0.00137415170871168	0.0860342552757163
101929125	7.17218061851791	1.40981478980924	0.440494457948965	3.20052787127819	0.00137176101720869	0.0860342552757163
5982	225.314559905508	-0.398322510096666	0.124544515257386	-3.19823405529729	0.00138272004393219	0.0861642942444867
389524	291.141385951951	0.206250574406833	0.0646368739487573	3.19091196412661	0.00141824488139648	0.0880369585702052
55055	424.937768571802	-0.314935144627166	0.0987239913964689	-3.19005684608524	0.00142244811055399	0.0880369585702052
123016	672.084846931521	0.195095963421433	0.0612015123755185	3.18776376348951	0.001433776234668	0.0884372622576915
5737	2004.07026139015	1.17619603489936	0.369297237296046	3.18495757918835	0.00144775228852271	0.0889976373039164
101928489	29.6779751213693	0.57417796386737	0.18046073459558	3.18173349540068	0.00146396462219535	0.0896912466850728
